39936246
39936048
39928604
39938072
39933833
39936291
39938703
39940547
39933076
39934956
39930195
39938005
39910208
39939363
39930919
39934584
39930887
39915932
39904256
39937666
39904872
39940541
39938452
39938126
39939477
39933660
39931315
39934533
39937762
39934881
39930908
39938125
39931228
39915526
39938686
39913616
39935036
39914644
39934696
39917509
39904189
39925787
39933784
39936284
39930809
39926553
39923749
39938538
39903514
39934434
39921964
39909436
39932378
39914783
39937427
39934322
39935805
39938162
39929842
39935000
39930493
39903685
39918500
39937123
39932912
39939201
39904205
39925129
39938635
39922631
39938579
39924574
39939037
39917830
39931304
39902854
39939794
39926081
39917547
39939061
39919401
39938903
39930463
39934320
39928913
39916151
39923404
39902660
39910383
39931250
39923136
39928558
39932324
39918245
39925186
39928156
39919491
39935597
39921673
39928860
39928808
39928984
39902636
39924702
39928950
39924210
39902205
39927246
39931652
39913913
39913905
39922006
39929216
39936064
39937826
39913505
39927682
39916165
39920644
39938307
39902212
39913197
39916144
39927010
39914296
39912448
39935589
39936466
39903471
39909123
39915594
39921268
39929876
39900329
39931256
39909826
39906887
39937288
39928866
39902576
39928679
39937620
39911961
39926733
39908146
39926564
39911155
39902350
39917840
39906683
39907845
39917215
39925650
39923023
39913807
39902241
39914047
39934455
39896923
39928173
39914478
39923662
39937080
39902207
39908579
39935526
39907876
39917364
39936800
39934480
39938348
39908660
39911181
39937426
39907500
39897020
39926706
39931072
39907468
39907073
39926500
39938150
39912082
39898422
39911587
39917551
39938863
39905644
39908561
39935927
39915063
39912330
39902130
39903494
39912835
39902271
39908629
39911745
39910273
39919242
39921100
39903056
39905475
39908763
39905439
39931701
39912854
39936960
39936016
39924042
39910799
39908891
39923111
39903738
39917107
39909293
39908798
39897901
39897594
39920890
39937167
39921653
39919412
39900857
39930980
39897332
39916972
39910119
39900800
39910493
39932723
39929570
39905441
39914564
39908652
39909307
39924026
39928445
39928867
39927657
39897112
39919802
39929310
39931566
39922294
39924207
39929416
39903267
39928111
39925513
39905335
39898221
39898205
39930316
39915532
39901289
39916102
39905443
39926673
39909735
39913033
39902467
39925316
39934117
39924798
39930846
39909351
39902489
39910419
39908514
39925904
39897814
39907567
39909313
39898057
39903773
39906536
39901800
39920754
39907494
39903004
39914592
39915980
39932906
39899714
39898743
39917165
39912625
39926917
39923375
39906776
39926575
39912597
39928168
39905218
39926295
39897006
39907492
39904894
39901709
39915672
39924985
39901290
39914142
39912271
39906511
39925920
39901978
39904266
39909456
39898619
39909246
39899913
39934684
39912539
39900197
39914981
39910879
39899859
39903398
39929361
39897932
39902389
39897418
39909877
39900422
39916439
39912304
39908564
39906692
39920555
39911636
39925647
39907137
39933634
39914756
39924027
39911357
39911083
39912372
39928462
39917133
39912062
39923106
39902372
39915632
39904803
39909633
39911311
39934870
39930598
39904215
39898359
39921000
39922156
39901040
39925930
39922066
39903824
39900405
39907359
39897592
39904809
39925527
39903210
39913015
39911337
39913117
39924239
39910859
39913490
39919817
39901952
39909922
39912319
39909023
39926633
39925315
39906730
39909019
39911552
39908777
39901569
39911164
39898030
39911041
39897981
39910899
39930408
39906825
39903476
39916133
39900370
39910784
39901739
39921064
39911084
39903742
39922422
39899614
39903497
39929036
39911393
39921096
39909187
39907786
39898271
39908487
39900133
39909536
39913830
39922737
39898777
39924168
39925603
39908755
39910520
39903854
39901036
39907560
39911733
39934354
39931012
39926732
39903541
39919831
39902181
39911142
39913774
39906143
39932667
39917573
39901426
39910648
39905648
39929722
39935519
39901192
39916681
39909126
39904452
39924762
39912845
39910657
39925699
39907798
39927294
39907272
39906991
39906840
39912056
39918278
39909132
39910186
39923212
39914293
39903153
39903027
39913946
39902864
39925138
39911351
39911180
39905256
39911118
39911003
39899741
39913455
39898003
39909611
39926178
39909386
39923903
39908615
39908157
39907698
39907655
39912771
39902927
39930450
39922640
39914817
39902688
39927393
39906335
39922040
39905573
39908886
39905093
39910592
39904979
39903928
39900996
39906924
39920506
39902791
39901461
39906812
39901655
39911171